2016 11 17 21 -117.232941 54.354532 23.0
2016 11 18 5 -117.23294 54.353813 24.0
2016 11 18 17 -117.232941 54.353094 24.0
2016 11 19 6 -117.232941 54.352376 25.0
2016 11 19 15 -117.232941 54.351657 25.0
2016 11 20 0 -117.232941 54.350938 26.0
2016 11 20 8 -117.232942 54.35022 26.0
2016 11 20 18 -117.232941 54.349501 26.0
2016 11 21 6 -117.232941 54.348782 27.0
2016 11 21 15 -117.232942 54.348064 27.0
2016 11 21 22 -117.232941 54.347345 27.0
2016 11 22 23 -117.232942 54.346626 28.0
2016 11 26 20 -117.232942 54.345908 32.0
2016 11 27 9 -117.232941 54.345189 33.0
2016 11 28 7 -117.232942 54.34447 34.0
2016 11 28 18 -117.232943 54.343752 34.0
2016 11 29 1 -117.232942 54.343033 35.0
2016 11 29 15 -117.232942 54.342314 35.0
2016 11 30 4 -117.232943 54.341595 36.0
2016 11 30 9 -117.232942 54.340877 36.0
2016 11 30 20 -117.232943 54.340158 36.0
2016 11 18 1 -117.237104 54.353686 24.0
2016 11 18 10 -117.237099 54.352787 24.0
2016 11 19 2 -117.237094 54.351889 25.0
2016 11 19 20 -117.237088 54.35099 25.0
2016 11 20 16 -117.237088 54.35099 26.0
2016 11 20 23 -117.237083 54.350091 26.0
2016 11 21 10 -117.237078 54.349192 27.0
2016 11 21 18 -117.237073 54.348294 27.0
2016 11 22 1 -117.237068 54.347395 28.0
2016 11 22 14 -117.237068 54.347395 28.0
2016 11 25 10 -117.237063 54.346496 31.0
2016 11 26 12 -117.237057 54.345597 32.0
2016 11 27 3 -117.237052 54.344699 33.0
2016 11 27 12 -117.237052 54.344699 33.0
2016 11 27 19 -117.237047 54.3438 33.0
2016 11 28 4 -117.237042 54.342901 34.0
2016 11 28 10 -117.237037 54.342003 34.0
2016 11 28 22 -117.237037 54.342003 34.0
2016 11 29 18 -117.237032 54.341104 35.0
2016 11 30 0 -117.237026 54.340205 36.0
2016 11 30 7 -117.237021 54.339306 36.0
2016 11 30 12 -117.237021 54.339306 36.0
2016 11 30 17 -117.237016 54.338408 36.0
2016 11 30 23 -117.237011 54.337509 36.0
2016 10 26 12 -117.241188 54.354521 1.0
2016 10 26 18 -117.241187 54.354342 1.0
2016 10 26 21 -117.241188 54.354162 1.0
2016 10 27 0 -117.241188 54.353983 2.0
2016 10 27 3 -117.241187 54.353803 2.0
2016 10 27 7 -117.241188 54.353623 2.0
2016 10 27 10 -117.241188 54.353443 2.0
2016 10 27 13 -117.241187 54.353264 2.0
2016 10 28 15 -117.241188 54.353084 3.0
2016 10 30 18 -117.241188 54.352904 5.0
2016 10 30 22 -117.241187 54.352725 5.0
2016 10 31 3 -117.241188 54.352545 6.0
2016 10 31 14 -117.241188 54.352366 6.0
2016 10 31 17 -117.241187 54.352186 6.0
2016 10 31 20 -117.241188 54.352006 6.0
2016 10 31 23 -117.241188 54.351826 6.0
2016 11 1 1 -117.241187 54.351647 7.0
2016 11 1 8 -117.241188 54.351467 7.0
2016 11 1 13 -117.241188 54.351287 7.0
2016 11 1 16 -117.241187 54.351108 7.0
2016 11 1 19 -117.241188 54.350928 7.0
2016 11 1 22 -117.241188 54.350793 7.0
2016 11 2 0 -117.241187 54.350614 8.0
2016 11 2 2 -117.241188 54.350434 8.0
2016 11 2 10 -117.241188 54.350254 8.0
2016 11 2 15 -117.241187 54.350075 8.0
2016 11 2 17 -117.241188 54.349895 8.0
2016 11 2 20 -117.241188 54.349715 8.0
2016 11 2 22 -117.241187 54.349536 8.0
2016 11 3 1 -117.241188 54.349356 9.0
2016 11 3 3 -117.241188 54.349176 9.0
2016 11 3 5 -117.241187 54.348997 9.0
2016 11 3 8 -117.241188 54.348817 9.0
2016 11 3 10 -117.241188 54.348637 9.0
2016 11 3 12 -117.241187 54.348458 9.0
2016 11 3 14 -117.241188 54.348278 9.0
2016 11 3 16 -117.241188 54.348098 9.0
2016 11 3 19 -117.241187 54.347919 9.0
2016 11 3 21 -117.241187 54.347739 9.0
2016 11 4 0 -117.241188 54.347559 10.0
2016 11 4 2 -117.241187 54.34738 10.0
2016 11 4 5 -117.241188 54.3472 10.0
2016 11 4 7 -117.241188 54.34702 10.0
2016 11 4 9 -117.241187 54.346841 10.0
2016 11 4 12 -117.241187 54.346616 10.0
2016 11 4 14 -117.241188 54.346436 10.0
2016 11 4 17 -117.241187 54.346257 10.0
2016 11 4 19 -117.241187 54.346077 10.0
2016 11 4 21 -117.241188 54.345942 10.0
2016 11 4 23 -117.241187 54.345763 10.0
2016 11 5 2 -117.241187 54.345583 11.0
2016 11 5 4 -117.241188 54.345403 11.0
2016 11 5 6 -117.241187 54.345224 11.0
2016 11 5 8 -117.241187 54.345044 11.0
2016 11 5 10 -117.241188 54.344819 11.0
2016 11 5 12 -117.241187 54.34464 11.0
2016 11 5 14 -117.241187 54.34446 11.0
2016 11 5 16 -117.241188 54.34428 11.0
2016 11 5 22 -117.241186 54.344101 11.0
2016 11 6 20 -117.241187 54.343921 12.0
2016 11 6 22 -117.241188 54.343786 12.0
2016 11 7 0 -117.241187 54.343606 13.0
2016 11 7 7 -117.241187 54.343427 13.0
2016 11 7 9 -117.241188 54.343247 13.0
2016 11 7 11 -117.241187 54.343067 13.0
2016 11 7 21 -117.241187 54.342888 13.0
2016 11 8 0 -117.241188 54.342708 14.0
2016 11 8 2 -117.241187 54.342528 14.0
2016 11 8 4 -117.241187 54.342349 14.0
2016 11 8 10 -117.241188 54.342169 14.0
2016 11 8 13 -117.241187 54.341989 14.0
2016 11 8 15 -117.241187 54.34181 14.0
2016 11 8 17 -117.241188 54.34163 14.0
2016 11 8 19 -117.241186 54.34145 14.0
2016 11 8 21 -117.241187 54.341271 14.0
2016 11 8 23 -117.241188 54.341091 14.0
2016 11 9 2 -117.241187 54.340911 15.0
2016 11 9 4 -117.241187 54.340732 15.0
2016 11 9 6 -117.241188 54.340552 15.0
2016 11 9 8 -117.241186 54.340372 15.0
2016 11 9 10 -117.241187 54.340193 15.0
2016 11 9 12 -117.241187 54.340013 15.0
2016 11 9 14 -117.241186 54.339833 15.0
2016 11 9 17 -117.241187 54.339654 15.0
2016 11 9 19 -117.241187 54.339474 15.0
2016 11 9 21 -117.241186 54.339294 15.0
2016 11 9 22 -117.241187 54.339115 15.0
2016 11 10 2 -117.241187 54.338935 16.0
2016 11 10 5 -117.241186 54.338755 16.0
2016 11 10 7 -117.241187 54.338576 16.0
2016 11 10 10 -117.241187 54.338396 16.0
2016 11 10 12 -117.241186 54.338216 16.0
2016 11 10 14 -117.241187 54.338036 16.0
2016 11 10 16 -117.241187 54.337857 16.0
2016 11 10 17 -117.241187 54.337722 16.0
2016 11 10 19 -117.241187 54.337542 16.0
2016 11 10 21 -117.241187 54.337363 16.0
2016 11 10 23 -117.241186 54.337183 16.0
2016 11 11 1 -117.241187 54.337003 17.0
2016 11 11 3 -117.241188 54.336824 17.0
2016 11 11 7 -117.241187 54.336644 17.0
2016 11 11 9 -117.241187 54.336464 17.0
2016 11 11 11 -117.241187 54.336285 17.0
2016 11 11 13 -117.241186 54.336105 17.0
2016 11 11 15 -117.241187 54.335925 17.0
2016 11 11 18 -117.241187 54.335746 17.0
2016 11 11 20 -117.241186 54.335566 17.0
2016 11 11 22 -117.241187 54.335386 17.0
2016 11 12 0 -117.241187 54.335207 18.0
2016 11 12 2 -117.241186 54.335027 18.0
2016 11 12 4 -117.241187 54.334847 18.0
2016 11 12 6 -117.241187 54.334668 18.0
2016 11 12 13 -117.241186 54.334488 18.0
2016 11 12 14 -117.241187 54.334308 18.0
2016 11 12 17 -117.241187 54.334129 18.0
2016 11 13 16 -117.241186 54.333949 19.0
2016 11 13 22 -117.241187 54.333769 19.0
2016 11 14 2 -117.241187 54.333582 20.0
2016 11 14 6 -117.241186 54.333411 20.0
2016 11 15 6 -117.241177 54.333231 21.0
2016 11 15 11 -117.241152 54.333066 21.0
2016 11 15 15 -117.241151 54.332886 21.0
2016 11 15 19 -117.241111 54.332707 21.0
2016 11 15 23 -117.241057 54.332539 21.0
2016 11 16 3 -117.241056 54.332385 22.0
2016 11 20 4 -117.245281 54.354825 26.0
2016 11 22 10 -117.245281 54.354197 28.0
2016 11 22 18 -117.24528 54.353478 28.0
2016 11 23 1 -117.245281 54.352759 29.0
2016 11 23 16 -117.245281 54.352085 29.0
2016 11 23 22 -117.24528 54.351367 29.0
2016 11 24 7 -117.245281 54.350693 30.0
2016 11 24 13 -117.24528 54.349974 30.0
2016 11 24 18 -117.24528 54.349256 30.0
2016 11 25 0 -117.245281 54.348582 31.0
2016 11 26 16 -117.245279 54.347863 32.0
2016 11 26 23 -117.24528 54.347189 32.0
2016 11 27 6 -117.245279 54.346471 33.0
2016 11 27 16 -117.245279 54.345752 33.0
2016 11 27 22 -117.24528 54.345078 33.0
2016 11 28 15 -117.245279 54.34436 34.0
