5B 1138 -117.245003 54.336601
5B 1111 -117.257698 54.314899
5B 1139 -117.230698 54.3368
5B 1113 -117.2332 54.318699
5B 1107 -117.254799 54.310699
5B 1112 -117.25061 54.31915
5B 1116 -117.194099 54.321098
5B 1129 -117.231003 54.3316
5B 1128 -117.252502 54.332199
5B 1114 -117.225998 54.315701
5B 1167 -117.245796 54.354401
5B 1166 -117.25855 54.35599
5B 1210 -117.214203 54.319698
5B 1158 -117.24501 54.33659
5B 1164 -117.285103 54.352001
5B 1165 -117.265297 54.3522
5B 1171 -117.197601 54.3591
5B 1159 -117.226799 54.354301
5B 1175 -117.267799 54.360001
5B 1161 -117.200302 54.355701
5B 1149 -117.233803 54.3442
5B 1148 -117.241898 54.3409
5B 1160 -117.2099 54.3522
5B 1174 -117.2743 54.355999
5B 1176 -117.253799 54.360401
5B 1177 -117.2416 54.365299
5B 1188 -117.209503 54.371799
5B 1215 -117.267403 54.3186
5B 1146 -117.260399 54.343601
5B 1152 -117.192299 54.348202
5B 1153 -117.283897 54.3447
5B 1147 -117.25285 54.34013
5B 1190 -117.278397 54.371201
5B 1192 -117.255997 54.372398
5B 1186 -117.232399 54.370998
5B 1179 -117.219803 54.364399
5B 1151 -117.2034 54.348
5B 1150 -117.219704 54.3466
5B 1178 -117.23077 54.36605
5B 1187 -117.220596 54.370998
5B 1193 -117.246696 54.3755
5B 1140 -117.221397 54.340801
5B 1168 -117.236603 54.3596
5B 1141 -117.21199 54.3408
5B 1155 -117.273201 54.345299
5B 1182 -117.278397 54.364601
5B 1209 -117.214401 54.311199
5B 1180 -117.209503 54.366798
5B 1194 -117.232101 54.377102
5B 1143 -117.288597 54.3372
5B 1157 -117.247398 54.348499
5B 1142 -117.193703 54.340698
5B 1119 -117.248901 54.325802
5B 1125 -117.283501 54.325802
5B 1131 -117.208801 54.334099
5B 1130 -117.221497 54.332901
5B 1118 -117.2575 54.320999
5B 1132 -117.201797 54.337399
5B 1126 -117.2714 54.325699
5B 1127 -117.259499 54.330101
5B 1133 -117.186897 54.335701
5B 1123 -117.195198 54.331902
5B 1122 -117.201103 54.3256
5B 1136 -117.2668 54.3344
5B 1120 -117.234001 54.3255
5B 1108 -117.241501 54.310299
5B 1109 -117.20317 54.31783
5B 1135 -117.277603 54.3307
5B 1121 -117.2229 54.325699
