54.354314 -117.232889
54.353679 -117.232889
54.352621 -117.232889
54.351775 -117.232889
54.351140 -117.232889
54.350293 -117.232889
54.349447 -117.232889
54.348601 -117.232889
54.347966 -117.232889
54.347331 -117.232889
54.346908 -117.232889
54.346061 -117.232889
54.345215 -117.232889
54.343945 -117.232889
54.342887 -117.232889
54.341829 -117.232889
54.340136 -117.232889
54.339078 -117.232889
54.338232 -117.232889
54.337174 -117.232889
54.336327 -117.232889
54.334846 -117.232889
54.334000 -117.232889
54.333153 -117.232889
54.332307 -117.233249
54.331461 -117.233610
54.330826 -117.234331
54.330402 -117.235413
54.330191 -117.236494
54.330191 -117.237576
54.330191 -117.238297
54.330191 -117.238658
