54.354525 -117.241182
54.353891 -117.241182
54.353467 -117.241182
54.352621 -117.241182
54.351986 -117.241182
54.351140 -117.241182
54.349870 -117.241182
54.349024 -117.241182
54.348389 -117.241182
54.347754 -117.241182
54.346696 -117.241182
54.345638 -117.241182
54.344580 -117.241182
54.343522 -117.241182
54.342887 -117.241182
54.341829 -117.241182
54.340771 -117.241182
54.339713 -117.241182
54.338443 -117.241182
54.338020 -117.241182
54.337174 -117.241182
54.336327 -117.241182
54.335904 -117.241182
54.335058 -117.241182
54.334000 -117.241182
54.333577 -117.241182
54.333153 -117.241182
54.332730 -117.241182
54.332307 -117.241182
54.331884 -117.241182
54.331461 -117.240822
54.331037 -117.240461
54.330614 -117.239740
54.330402 -117.239379
54.330191 -117.239019
54.330826 -117.240100
