20161122131303.530	54.351847	-117.225431	3.32	195	59	-175	13694	0.02
20161123034619.580	54.349727	-117.225952	3.325	194	60	179	14564	-0.69
20161124053428.700	54.349451	-117.227083	3.304	198	49	-177	15493	-0.76
20161125081009.140	54.349947	-117.225854	3.316	195	54	178	16786	-0.11
20161122113105.390	54.349988	-117.227344	3.324	195	50	175	13348	0.0
20161125002430.620	54.34974	-117.226912	3.3	198	47	-178	16044	0.07
20161123105317.660	54.349662	-117.227124	3.314	194	48	176	14936	-0.23
20161123112811.780	54.350277	-117.227075	3.323	194	54	-174	14960	-0.25
20161123211810.940	54.34952	-117.227401	3.317	195	44	180	15235	-0.04
20161124074000.070	54.349683	-117.226945	3.307	193	49	174	15581	-0.1
20161122085756.470	54.350061	-117.227246	3.324	194	45	166	12918	-0.94
20161121230819.670	54.351937	-117.225505	3.322	194	63	-176	11377	-0.78
20161123230012.310	54.349561	-117.227043	3.303	198	47	-178	15263	-0.32
20161123172059.400	54.350163	-117.22714	3.309	196	51	177	15147	-0.01
20161122110532.280	54.349858	-117.227384	3.325	193	52	177	13276	-0.93
20161124003047.870	54.34952	-117.227555	3.328	196	47	-179	15327	-0.15
20161123161002.670	54.34967	-117.226978	3.307	196	50	178	15117	-0.16
20161123082307.670	54.349662	-117.22736	3.319	196	50	-179	14805	0.89
20161122082049.110	54.350126	-117.227165	3.323	195	47	171	12812	-0.8
20161122162235.430	54.351876	-117.225423	3.325	192	60	176	13993	0.59
20161122105125.690	54.349792	-117.227246	3.316	196	48	177	13240	0.59
20161125192431.020	54.349097	-117.226335	3.311	200	55	176	17667	-0.41
20161122100431.390	54.349463	-117.227539	3.327	194	48	-179	13113	1.87
20161123080006.670	54.350285	-117.227075	3.323	198	50	-178	14781	-0.26
20161123065226.500	54.349255	-117.227474	3.316	200	56	-169	14727	-0.23
20161122112106.400	54.349748	-117.227311	3.319	193	49	174	13316	1.35
20161123030839.820	54.349609	-117.227254	3.313	193	46	177	14544	-0.6
20161125102511.280	54.34978	-117.22723	3.315	197	45	176	17113	-0.47
20161123202134.800	54.350024	-117.225846	3.324	195	56	176	15216	-0.15
20161122110314.520	54.34974	-117.227271	3.319	196	49	175	13271	0.21
20161124000243.570	54.350338	-117.227035	3.325	199	56	-167	15309	-0.46
20161122095806.140	54.34998	-117.227181	3.317	194	45	175	13093	-0.51
20161122210507.760	54.34989	-117.227214	3.314	192	47	174	14216	0.62
20161122100853.470	54.349182	-117.227865	3.321	196	48	178	13120	-0.4
20161123054126.330	54.349418	-117.227425	3.318	198	46	180	14670	-0.15
20161122100459.730	54.349854	-117.227295	3.319	196	49	174	13114	0.47
20161122101223.000	54.349247	-117.227865	3.327	196	46	172	13134	-0.7
20161124151430.490	54.349683	-117.227547	3.329	195	46	-180	15823	-0.21
20161122110303.770	54.35186	-117.225431	3.33	195	59	-173	13270	0.07
20161124105232.980	54.349508	-117.227083	3.302	200	50	-177	15699	-0.06
20161122094116.890	54.349227	-117.227629	3.321	197	49	-179	13040	0.28
20161121230001.460	54.351892	-117.225562	3.332	192	58	-179	11371	-0.33
20161124091127.830	54.349418	-117.227596	3.328	194	47	-179	15649	-0.43
20161122082716.530	54.351933	-117.225431	3.323	195	59	-176	12833	0.37
20161123110020.740	54.349845	-117.227124	3.314	194	50	175	14942	-0.06
20161124095241.420	54.350317	-117.227116	3.327	195	48	178	15672	-0.52
20161122013349.660	54.351733	-117.225521	3.323	194	64	-175	11554	-0.48
20161124153705.220	54.349829	-117.227165	3.314	198	46	-178	15835	0.65
20161122092550.060	54.349227	-117.227661	3.319	198	55	-178	12996	0.09
20161124114114.310	54.350102	-117.227157	3.318	199	46	172	15725	-0.93
20161122091356.950	54.350122	-117.227165	3.321	193	45	173	12968	0.0
20161122162658.130	54.349744	-117.22736	3.32	196	49	180	13996	-0.24
20161123054748.150	54.349992	-117.227197	3.326	193	46	172	14677	0.39
20161122025658.730	54.351876	-117.225456	3.324	195	60	-176	11657	0.25
20161123152311.860	54.350354	-117.227026	3.316	199	44	179	15106	-0.45
20161122081255.770	54.350102	-117.227181	3.324	196	46	174	12773	-0.69
20161122115553.210	54.349727	-117.227417	3.328	192	47	172	13449	1.22
20161122100004.480	54.349422	-117.227572	3.323	195	49	178	13099	0.3
20161122100206.330	54.349447	-117.227482	3.315	192	50	177	13103	-0.62
20161122123435.970	54.350012	-117.227409	3.332	193	45	175	13583	-0.59
20161124113954.860	54.350146	-117.227002	3.329	196	52	-176	15724	-0.51
20161123101648.570	54.349296	-117.227287	3.303	197	54	-176	14917	-0.4
20161122114809.290	54.349955	-117.227401	3.329	193	47	173	13413	-0.38
20161122124507.380	54.350094	-117.227222	3.324	193	48	174	13619	0.34
20161123142910.200	54.349719	-117.226929	3.314	193	49	175	15080	0.19
20161122121313.800	54.34991	-117.227466	3.33	193	45	172	13500	-0.61
20161122122845.350	54.349931	-117.227336	3.332	193	47	173	13565	0.87
20161122022541.090	54.351733	-117.225529	3.322	192	61	-170	11627	-0.56
20161126185410.060	54.352226	-117.225317	3.313	200	60	-179	18078	-0.68
20161122130350.970	54.349752	-117.227148	3.314	198	46	172	13667	-0.82
20161122100947.510	54.349438	-117.227352	3.313	195	50	176	13124	-0.5
20161125041205.040	54.349825	-117.227441	3.325	196	48	178	16372	-0.51
20161123234425.010	54.352384	-117.225138	3.311	197	63	-177	15294	-0.83
20161122115458.630	54.350008	-117.227108	3.318	193	46	171	13444	-0.79
20161127050520.460	54.348991	-117.226326	3.313	197	59	176	18235	-0.7
20161122114139.900	54.349817	-117.227441	3.325	194	49	175	13387	0.39
20161123231319.140	54.349854	-117.227091	3.322	193	49	174	15272	0.56
20161123025708.220	54.350098	-117.225814	3.323	192	60	178	14530	-0.33
20161123181714.390	54.350187	-117.227246	3.327	198	48	174	15173	0.58
20161124125328.730	54.348991	-117.226318	3.32	195	60	180	15765	-1.07
20161123060348.460	54.350085	-117.225798	3.322	194	58	176	14686	-0.4
20161124162142.450	54.350281	-117.227083	3.319	199	52	-178	15847	-0.47
20161121232043.560	54.351847	-117.225513	3.323	193	64	178	11388	0.02
20161122004402.580	54.351786	-117.225464	3.322	192	62	-172	11498	-0.36
20161122095728.400	54.349231	-117.227629	3.322	198	49	-178	13090	0.99
20161122104310.510	54.349792	-117.22736	3.32	193	49	175	13213	0.27
20161123123120.370	54.350146	-117.225781	3.32	197	59	-179	15020	0.18
20161124014800.630	54.349605	-117.226896	3.299	194	47	177	15361	-0.69
20161122133428.290	54.350138	-117.227368	3.327	194	48	174	13759	-0.47
20161123114346.080	54.349353	-117.227271	3.309	198	54	-174	14974	-0.72
20161126082201.500	54.35024	-117.227091	3.326	199	52	-179	17927	-0.34
20161123214708.450	54.35037	-117.226969	3.313	199	47	179	15239	-0.7
20161122181824.940	54.349809	-117.227303	3.335	193	45	177	14112	1.67
20161123051220.950	54.350077	-117.225846	3.316	193	52	177	14643	-0.55
20161122093547.170	54.350028	-117.227205	3.317	192	44	172	13018	-0.13
20161122054155.950	54.351835	-117.225496	3.324	194	59	-177	12219	0.31
20161123130253.500	54.349849	-117.226986	3.329	196	50	178	15040	0.01
20161123163923.420	54.349854	-117.225911	3.327	194	54	179	15131	-0.07
20161124042345.080	54.349609	-117.226937	3.301	195	48	176	15461	-0.12
20161122094208.150	54.349296	-117.227572	3.32	196	53	-178	13043	1.05
20161124062316.960	54.349426	-117.227547	3.324	196	49	-180	15541	-0.37
20161123141029.470	54.349707	-117.225895	3.32	197	58	176	15067	-0.86
20161124025344.800	54.349589	-117.226978	3.3	195	48	176	15399	-0.22
20161123142729.700	54.349691	-117.226921	3.31	196	50	174	15077	-0.09
20161123022854.240	54.349495	-117.227116	3.307	196	51	179	14498	-0.52
20161124105451.940	54.349764	-117.226994	3.301	194	48	-179	15701	-0.37
20161124164201.440	54.349093	-117.226237	3.32	194	55	176	15856	-0.77
20161124024204.670	54.350313	-117.227018	3.316	198	56	-178	15395	-0.4
20161123194545.770	54.349662	-117.227002	3.322	198	48	-179	15203	0.09
20161122085320.650	54.35009	-117.227197	3.323	195	48	173	12899	-0.44
20161123140610.900	54.349235	-117.227596	3.32	198	48	-180	15062	-0.46
20161124005529.920	54.349654	-117.22701	3.307	195	46	178	15334	-0.08
20161122141605.480	54.350094	-117.227344	3.329	193	46	172	13848	0.68
20161122120049.740	54.34989	-117.227498	3.331	193	47	172	13469	-0.42
20161122120956.630	54.349923	-117.227393	3.331	193	47	173	13490	0.19
20161124034943.190	54.349764	-117.226904	3.304	196	48	176	15441	-0.07
20161122095100.880	54.349377	-117.227547	3.321	197	49	-179	13071	0.6
20161123061900.740	54.350317	-117.227035	3.323	197	51	-175	14701	-0.44
20161124181019.500	54.34965	-117.227458	3.326	193	44	177	15885	-0.2
20161126071552.790	54.349679	-117.22701	3.324	200	48	-177	17903	-0.48
20161122083102.790	54.350134	-117.227165	3.323	194	48	178	12841	-0.17
20161124122256.080	54.349569	-117.22749	3.335	194	44	180	15749	-0.32
20161122123120.460	54.349992	-117.227433	3.33	195	47	174	13571	-0.23
20161122132438.660	54.350122	-117.227401	3.332	193	48	174	13720	-0.36
20161123210327.060	54.34928	-117.227393	3.313	200	58	-168	15232	-0.49
20161122132712.000	54.350159	-117.227336	3.333	197	48	178	13726	-0.77
20161125023901.030	54.350187	-117.227051	3.321	198	51	-180	16253	-0.49
20161123095748.620	54.350244	-117.227059	3.317	196	54	-173	14904	-0.19
20161123200910.290	54.349764	-117.226872	3.298	193	50	175	15211	-0.51
20161122201745.090	54.34954	-117.227173	3.305	197	49	176	14193	0.28
