1107 5B -117.2548 54.3107
1108 5B -117.2415 54.3103
1109 5B -117.2032 54.3178
1111 5B -117.2577 54.3149
1112 5B -117.2506 54.3192
1113 5B -117.2332 54.3187
1114 5B -117.2260 54.3157
1116 5B -117.1941 54.3211
1118 5B -117.2575 54.3210
1119 5B -117.2489 54.3258
1120 5B -117.2340 54.3255
1121 5B -117.2229 54.3257
1122 5B -117.2011 54.3256
1123 5B -117.1952 54.3319
1125 5B -117.2835 54.3258
1126 5B -117.2714 54.3257
1127 5B -117.2595 54.3301
1128 5B -117.2525 54.3322
1129 5B -117.2310 54.3316
1130 5B -117.2215 54.3329
1131 5B -117.2088 54.3341
1132 5B -117.2018 54.3374
1133 5B -117.1869 54.3357
1135 5B -117.2776 54.3307
1136 5B -117.2668 54.3344
1138 5B -117.2450 54.3366
1139 5B -117.2307 54.3368
1140 5B -117.2214 54.3408
1141 5B -117.2120 54.3408
1142 5B -117.1937 54.3407
1143 5B -117.2886 54.3372
1146 5B -117.2604 54.3436
1147 5B -117.2528 54.3401
1148 5B -117.2419 54.3409
1149 5B -117.2338 54.3442
1150 5B -117.2197 54.3466
1151 5B -117.2034 54.3480
1152 5B -117.1923 54.3482
1153 5B -117.2839 54.3447
1155 5B -117.2732 54.3453
1157 5B -117.2474 54.3485
1158 5B -117.2450 54.3366
1159 5B -117.2268 54.3543
1160 5B -117.2099 54.3522
1161 5B -117.2003 54.3557
1164 5B -117.2851 54.3520
1165 5B -117.2653 54.3522
1166 5B -117.2585 54.3560
1167 5B -117.2458 54.3544
1168 5B -117.2366 54.3596
1171 5B -117.1976 54.3591
1174 5B -117.2743 54.3560
1175 5B -117.2678 54.3600
1176 5B -117.2538 54.3604
1177 5B -117.2416 54.3653
1178 5B -117.2308 54.3661
1179 5B -117.2198 54.3644
1180 5B -117.2095 54.3668
1182 5B -117.2784 54.3646
1186 5B -117.2324 54.3710
1187 5B -117.2206 54.3710
1188 5B -117.2095 54.3718
1190 5B -117.2784 54.3712
1192 5B -117.2560 54.3724
1193 5B -117.2467 54.3755
1194 5B -117.2321 54.3771
1209 5B -117.2144 54.3112
1210 5B -117.2142 54.3197
1215 5B -117.2674 54.3186
