54.354102 -117.245149
54.353256 -117.245149
54.352621 -117.245149
54.351986 -117.245149
54.351563 -117.245149
54.350928 -117.245149
54.349870 -117.245149
54.349447 -117.245149
54.348177 -117.245149
54.347331 -117.245149
54.346484 -117.245149
54.345850 -117.245149
54.345215 -117.245149
54.344368 -117.245149
54.343310 -117.245149
54.342464 -117.245149
54.341618 -117.245149
54.341194 -117.245149
54.340348 -117.245149
54.339502 -117.245149
54.338655 -117.245149
54.337809 -117.245149
54.336962 -117.245149
54.335904 -117.245149
54.335058 -117.245149
54.334000 -117.245149
54.333365 -117.245149
54.332519 -117.245149
54.331672 -117.245149
54.331037 -117.244788
54.330614 -117.244067
54.330191 -117.242985
54.330191 -117.241543
54.330191 -117.240822
54.330191 -117.240100
54.330191 -117.239379
54.330191 -117.238500
