54.354314 -117.236855
54.353256 -117.236855
54.352833 -117.236855
54.351986 -117.236855
54.351563 -117.236855
54.350505 -117.236855
54.350082 -117.236855
54.349024 -117.236855
54.347966 -117.236855
54.347331 -117.236855
54.346484 -117.236855
54.345638 -117.236855
54.344580 -117.236855
54.344157 -117.236855
54.343310 -117.236855
54.342252 -117.236855
54.341406 -117.236855
54.340348 -117.236855
54.339290 -117.236855
54.338232 -117.236855
54.337385 -117.236855
54.336751 -117.236855
54.334846 -117.236855
54.334000 -117.236855
54.333365 -117.236855
54.332519 -117.237216
54.331249 -117.237576
54.330614 -117.237937
54.330191 -117.238297
